#                                                                                     --- full sequence --- -------------- this domain -------------   hmm coord   ali coord   env coord
# target name                 accession   tlen query name           accession   qlen   E-value  score  bias   #  of  c-Evalue  i-Evalue  score  bias  from    to  from    to  from    to  acc description of target
#         ------------------- ---------- ----- -------------------- ---------- ----- --------- ------ ----- --- --- --------- --------- ------ ----- ----- ----- ----- ----- ----- ----- ---- ---------------------
tig00000001:1459503-1461068|- -            522 6253at186826         -            426  2.3e-228  755.7   2.7   1   2   2.3e-35   1.4e-32  110.6   0.0     1    77    13    98    13   110 0.90 tig00000001_1400 # 1459503 # 1461068 # -1 # ID=1_1400;partial=00;start_type=TTG;rbs_motif=GGA/GAG/AGG;rbs_spacer=5-10bp;gc_cont=0.427
tig00000001:1459503-1461068|- -            522 6253at186826         -            426  2.3e-228  755.7   2.7   2   2  4.7e-197  2.9e-194  643.4   0.8    92   426   169   521   127   521 0.95 tig00000001_1400 # 1459503 # 1461068 # -1 # ID=1_1400;partial=00;start_type=TTG;rbs_motif=GGA/GAG/AGG;rbs_spacer=5-10bp;gc_cont=0.427
tig00000002:74483-76096|-     -            538 6253at186826         -            426  2.9e-226  748.8   2.8   1   2   4.2e-35   2.6e-32  109.8   0.1     1    77    29   114    29   123 0.91 tig00000002_76 # 74483 # 76096 # -1 # ID=2_76;partial=00;start_type=ATG;rbs_motif=None;rbs_spacer=None;gc_cont=0.435
tig00000002:74483-76096|-     -            538 6253at186826         -            426  2.9e-226  748.8   2.8   2   2  5.1e-195  3.1e-192  636.7   0.5    93   426   186   537   142   537 0.94 tig00000002_76 # 74483 # 76096 # -1 # ID=2_76;partial=00;start_type=ATG;rbs_motif=None;rbs_spacer=None;gc_cont=0.435
tig00000001:1912837-1913958|+ -            374 6253at186826         -            426   0.00031   17.3   0.1   1   1   8.3e-07   0.00052   16.6   0.1   139   172     6    38     2    65 0.84 tig00000001_1844 # 1912837 # 1913958 # 1 # ID=1_1844;partial=00;start_type=ATG;rbs_motif=None;rbs_spacer=None;gc_cont=0.430
tig00000001:1131241-1131555|- -            105 6253at186826         -            426     0.014   11.9   0.1   1   1   2.6e-05     0.016   11.7   0.1   273   322    54   103    17   104 0.86 tig00000001_1126 # 1131241 # 1131555 # -1 # ID=1_1126;partial=00;start_type=ATG;rbs_motif=AGGAG;rbs_spacer=5-10bp;gc_cont=0.390
tig00000001:430484-431560|-   -            359 6253at186826         -            426     0.019   11.4   0.0   1   1   5.9e-05     0.037   10.5   0.0     1    76   172   254   172   266 0.71 tig00000001_441 # 430484 # 431560 # -1 # ID=1_441;partial=00;start_type=ATG;rbs_motif=GGAG/GAGG;rbs_spacer=5-10bp;gc_cont=0.408
#
# Program:         hmmsearch
# Version:         3.4 (Aug 2023)
# Pipeline mode:   SEARCH
# Query file:      /home/vico3159/genome_analyses/analyses/02_assembly/evaluation/busco_downloads/lineages/lactobacillales_odb10/hmms/6253at186826.hmm
# Target file:     /home/vico3159/genome_analyses/analyses/02_assembly/evaluation/busco_output/prodigal_output/predicted_genes/predicted.faa
# Option settings: hmmsearch --domtblout /home/vico3159/genome_analyses/analyses/02_assembly/evaluation/busco_output/run_lactobacillales_odb10/hmmer_output/6253at186826.out --cpu 1 /home/vico3159/genome_analyses/analyses/02_assembly/evaluation/busco_downloads/lineages/lactobacillales_odb10/hmms/6253at186826.hmm /home/vico3159/genome_analyses/analyses/02_assembly/evaluation/busco_output/prodigal_output/predicted_genes/predicted.faa 
# Current dir:     /home/vico3159/genome_analyses/analyses/02_assembly/evaluation
# Date:            Tue Apr 28 08:09:59 2026
# [ok]
